[1,0,0,[["cc.Skeleton",["_name","_hash","_joints","_bindposes"],0,12]],[[0,0,1,2,3,4]],[[0,"Skin-0",916709249,["Armature/mixamorig:Hips","Armature/mixamorig:Hips/mixamorig:Spine","Armature/mixamorig:Hips/mixamorig:Spine/mixamorig:Spine1","Armature/mixamorig:Hips/mixamorig:Spine/mixamorig:Spine1/mixamorig:Spine2","Armature/mixamorig:Hips/mixamorig:Spine/mixamorig:Spine1/mixamorig:Spine2/mixamorig:Neck","Armature/mixamorig:Hips/mixamorig:Spine/mixamorig:Spine1/mixamorig:Spine2/mixamorig:Neck/mixamorig:Head","Armature/mixamorig:Hips/mixamorig:Spine/mixamorig:Spine1/mixamorig:Spine2/mixamorig:Neck/mixamorig:Head/mixamorig:HeadTop_End","Armature/mixamorig:Hips/mixamorig:Spine/mixamorig:Spine1/mixamorig:Spine2/mixamorig:Neck/mixamorig:Head/mixamorig:HeadTop_End/mixamorig:HeadTop_End_end","Armature/mixamorig:Hips/mixamorig:Spine/mixamorig:Spine1/mixamorig:Spine2/mixamorig:LeftShoulder","Armature/mixamorig:Hips/mixamorig:Spine/mixamorig:Spine1/mixamorig:Spine2/mixamorig:LeftShoulder/mixamorig:LeftArm","Armature/mixamorig:Hips/mixamorig:Spine/mixamorig:Spine1/mixamorig:Spine2/mixamorig:LeftShoulder/mixamorig:LeftArm/mixamorig:LeftForeArm","Armature/mixamorig:Hips/mixamorig:Spine/mixamorig:Spine1/mixamorig:Spine2/mixamorig:LeftShoulder/mixamorig:LeftArm/mixamorig:LeftForeArm/mixamorig:LeftHand","Armature/mixamorig:Hips/mixamorig:Spine/mixamorig:Spine1/mixamorig:Spine2/mixamorig:LeftShoulder/mixamorig:LeftArm/mixamorig:LeftForeArm/mixamorig:LeftHand/mixamorig:LeftHandThumb1","Armature/mixamorig:Hips/mixamorig:Spine/mixamorig:Spine1/mixamorig:Spine2/mixamorig:LeftShoulder/mixamorig:LeftArm/mixamorig:LeftForeArm/mixamorig:LeftHand/mixamorig:LeftHandThumb1/mixamorig:LeftHandThumb2","Armature/mixamorig:Hips/mixamorig:Spine/mixamorig:Spine1/mixamorig:Spine2/mixamorig:LeftShoulder/mixamorig:LeftArm/mixamorig:LeftForeArm/mixamorig:LeftHand/mixamorig:LeftHandThumb1/mixamorig:LeftHandThumb2/mixamorig:LeftHandThumb3","Armature/mixamorig:Hips/mixamorig:Spine/mixamorig:Spine1/mixamorig:Spine2/mixamorig:LeftShoulder/mixamorig:LeftArm/mixamorig:LeftForeArm/mixamorig:LeftHand/mixamorig:LeftHandThumb1/mixamorig:LeftHandThumb2/mixamorig:LeftHandThumb3/mixamorig:LeftHandThumb4","Armature/mixamorig:Hips/mixamorig:Spine/mixamorig:Spine1/mixamorig:Spine2/mixamorig:LeftShoulder/mixamorig:LeftArm/mixamorig:LeftForeArm/mixamorig:LeftHand/mixamorig:LeftHandThumb1/mixamorig:LeftHandThumb2/mixamorig:LeftHandThumb3/mixamorig:LeftHandThumb4/mixamorig:LeftHandThumb4_end","Armature/mixamorig:Hips/mixamorig:Spine/mixamorig:Spine1/mixamorig:Spine2/mixamorig:LeftShoulder/mixamorig:LeftArm/mixamorig:LeftForeArm/mixamorig:LeftHand/mixamorig:LeftHandIndex1","Armature/mixamorig:Hips/mixamorig:Spine/mixamorig:Spine1/mixamorig:Spine2/mixamorig:LeftShoulder/mixamorig:LeftArm/mixamorig:LeftForeArm/mixamorig:LeftHand/mixamorig:LeftHandIndex1/mixamorig:LeftHandIndex2","Armature/mixamorig:Hips/mixamorig:Spine/mixamorig:Spine1/mixamorig:Spine2/mixamorig:LeftShoulder/mixamorig:LeftArm/mixamorig:LeftForeArm/mixamorig:LeftHand/mixamorig:LeftHandIndex1/mixamorig:LeftHandIndex2/mixamorig:LeftHandIndex3","Armature/mixamorig:Hips/mixamorig:Spine/mixamorig:Spine1/mixamorig:Spine2/mixamorig:LeftShoulder/mixamorig:LeftArm/mixamorig:LeftForeArm/mixamorig:LeftHand/mixamorig:LeftHandIndex1/mixamorig:LeftHandIndex2/mixamorig:LeftHandIndex3/mixamorig:LeftHandIndex4","Armature/mixamorig:Hips/mixamorig:Spine/mixamorig:Spine1/mixamorig:Spine2/mixamorig:LeftShoulder/mixamorig:LeftArm/mixamorig:LeftForeArm/mixamorig:LeftHand/mixamorig:LeftHandIndex1/mixamorig:LeftHandIndex2/mixamorig:LeftHandIndex3/mixamorig:LeftHandIndex4/mixamorig:LeftHandIndex4_end","Armature/mixamorig:Hips/mixamorig:Spine/mixamorig:Spine1/mixamorig:Spine2/mixamorig:LeftShoulder/mixamorig:LeftArm/mixamorig:LeftForeArm/mixamorig:LeftHand/mixamorig:LeftHandMiddle1","Armature/mixamorig:Hips/mixamorig:Spine/mixamorig:Spine1/mixamorig:Spine2/mixamorig:LeftShoulder/mixamorig:LeftArm/mixamorig:LeftForeArm/mixamorig:LeftHand/mixamorig:LeftHandMiddle1/mixamorig:LeftHandMiddle2","Armature/mixamorig:Hips/mixamorig:Spine/mixamorig:Spine1/mixamorig:Spine2/mixamorig:LeftShoulder/mixamorig:LeftArm/mixamorig:LeftForeArm/mixamorig:LeftHand/mixamorig:LeftHandMiddle1/mixamorig:LeftHandMiddle2/mixamorig:LeftHandMiddle3","Armature/mixamorig:Hips/mixamorig:Spine/mixamorig:Spine1/mixamorig:Spine2/mixamorig:LeftShoulder/mixamorig:LeftArm/mixamorig:LeftForeArm/mixamorig:LeftHand/mixamorig:LeftHandMiddle1/mixamorig:LeftHandMiddle2/mixamorig:LeftHandMiddle3/mixamorig:LeftHandMiddle4","Armature/mixamorig:Hips/mixamorig:Spine/mixamorig:Spine1/mixamorig:Spine2/mixamorig:LeftShoulder/mixamorig:LeftArm/mixamorig:LeftForeArm/mixamorig:LeftHand/mixamorig:LeftHandMiddle1/mixamorig:LeftHandMiddle2/mixamorig:LeftHandMiddle3/mixamorig:LeftHandMiddle4/mixamorig:LeftHandMiddle4_end","Armature/mixamorig:Hips/mixamorig:Spine/mixamorig:Spine1/mixamorig:Spine2/mixamorig:LeftShoulder/mixamorig:LeftArm/mixamorig:LeftForeArm/mixamorig:LeftHand/mixamorig:LeftHandRing1","Armature/mixamorig:Hips/mixamorig:Spine/mixamorig:Spine1/mixamorig:Spine2/mixamorig:LeftShoulder/mixamorig:LeftArm/mixamorig:LeftForeArm/mixamorig:LeftHand/mixamorig:LeftHandRing1/mixamorig:LeftHandRing2","Armature/mixamorig:Hips/mixamorig:Spine/mixamorig:Spine1/mixamorig:Spine2/mixamorig:LeftShoulder/mixamorig:LeftArm/mixamorig:LeftForeArm/mixamorig:LeftHand/mixamorig:LeftHandRing1/mixamorig:LeftHandRing2/mixamorig:LeftHandRing3","Armature/mixamorig:Hips/mixamorig:Spine/mixamorig:Spine1/mixamorig:Spine2/mixamorig:LeftShoulder/mixamorig:LeftArm/mixamorig:LeftForeArm/mixamorig:LeftHand/mixamorig:LeftHandRing1/mixamorig:LeftHandRing2/mixamorig:LeftHandRing3/mixamorig:LeftHandRing4","Armature/mixamorig:Hips/mixamorig:Spine/mixamorig:Spine1/mixamorig:Spine2/mixamorig:LeftShoulder/mixamorig:LeftArm/mixamorig:LeftForeArm/mixamorig:LeftHand/mixamorig:LeftHandRing1/mixamorig:LeftHandRing2/mixamorig:LeftHandRing3/mixamorig:LeftHandRing4/mixamorig:LeftHandRing4_end","Armature/mixamorig:Hips/mixamorig:Spine/mixamorig:Spine1/mixamorig:Spine2/mixamorig:LeftShoulder/mixamorig:LeftArm/mixamorig:LeftForeArm/mixamorig:LeftHand/mixamorig:LeftHandPinky1","Armature/mixamorig:Hips/mixamorig:Spine/mixamorig:Spine1/mixamorig:Spine2/mixamorig:LeftShoulder/mixamorig:LeftArm/mixamorig:LeftForeArm/mixamorig:LeftHand/mixamorig:LeftHandPinky1/mixamorig:LeftHandPinky2","Armature/mixamorig:Hips/mixamorig:Spine/mixamorig:Spine1/mixamorig:Spine2/mixamorig:LeftShoulder/mixamorig:LeftArm/mixamorig:LeftForeArm/mixamorig:LeftHand/mixamorig:LeftHandPinky1/mixamorig:LeftHandPinky2/mixamorig:LeftHandPinky3","Armature/mixamorig:Hips/mixamorig:Spine/mixamorig:Spine1/mixamorig:Spine2/mixamorig:LeftShoulder/mixamorig:LeftArm/mixamorig:LeftForeArm/mixamorig:LeftHand/mixamorig:LeftHandPinky1/mixamorig:LeftHandPinky2/mixamorig:LeftHandPinky3/mixamorig:LeftHandPinky4","Armature/mixamorig:Hips/mixamorig:Spine/mixamorig:Spine1/mixamorig:Spine2/mixamorig:LeftShoulder/mixamorig:LeftArm/mixamorig:LeftForeArm/mixamorig:LeftHand/mixamorig:LeftHandPinky1/mixamorig:LeftHandPinky2/mixamorig:LeftHandPinky3/mixamorig:LeftHandPinky4/mixamorig:LeftHandPinky4_end","Armature/mixamorig:Hips/mixamorig:Spine/mixamorig:Spine1/mixamorig:Spine2/mixamorig:RightShoulder","Armature/mixamorig:Hips/mixamorig:Spine/mixamorig:Spine1/mixamorig:Spine2/mixamorig:RightShoulder/mixamorig:RightArm","Armature/mixamorig:Hips/mixamorig:Spine/mixamorig:Spine1/mixamorig:Spine2/mixamorig:RightShoulder/mixamorig:RightArm/mixamorig:RightForeArm","Armature/mixamorig:Hips/mixamorig:Spine/mixamorig:Spine1/mixamorig:Spine2/mixamorig:RightShoulder/mixamorig:RightArm/mixamorig:RightForeArm/mixamorig:RightHand","Armature/mixamorig:Hips/mixamorig:Spine/mixamorig:Spine1/mixamorig:Spine2/mixamorig:RightShoulder/mixamorig:RightArm/mixamorig:RightForeArm/mixamorig:RightHand/mixamorig:RightHandThumb1","Armature/mixamorig:Hips/mixamorig:Spine/mixamorig:Spine1/mixamorig:Spine2/mixamorig:RightShoulder/mixamorig:RightArm/mixamorig:RightForeArm/mixamorig:RightHand/mixamorig:RightHandThumb1/mixamorig:RightHandThumb2","Armature/mixamorig:Hips/mixamorig:Spine/mixamorig:Spine1/mixamorig:Spine2/mixamorig:RightShoulder/mixamorig:RightArm/mixamorig:RightForeArm/mixamorig:RightHand/mixamorig:RightHandThumb1/mixamorig:RightHandThumb2/mixamorig:RightHandThumb3","Armature/mixamorig:Hips/mixamorig:Spine/mixamorig:Spine1/mixamorig:Spine2/mixamorig:RightShoulder/mixamorig:RightArm/mixamorig:RightForeArm/mixamorig:RightHand/mixamorig:RightHandThumb1/mixamorig:RightHandThumb2/mixamorig:RightHandThumb3/mixamorig:RightHandThumb4","Armature/mixamorig:Hips/mixamorig:Spine/mixamorig:Spine1/mixamorig:Spine2/mixamorig:RightShoulder/mixamorig:RightArm/mixamorig:RightForeArm/mixamorig:RightHand/mixamorig:RightHandThumb1/mixamorig:RightHandThumb2/mixamorig:RightHandThumb3/mixamorig:RightHandThumb4/mixamorig:RightHandThumb4_end","Armature/mixamorig:Hips/mixamorig:Spine/mixamorig:Spine1/mixamorig:Spine2/mixamorig:RightShoulder/mixamorig:RightArm/mixamorig:RightForeArm/mixamorig:RightHand/mixamorig:RightHandIndex1","Armature/mixamorig:Hips/mixamorig:Spine/mixamorig:Spine1/mixamorig:Spine2/mixamorig:RightShoulder/mixamorig:RightArm/mixamorig:RightForeArm/mixamorig:RightHand/mixamorig:RightHandIndex1/mixamorig:RightHandIndex2","Armature/mixamorig:Hips/mixamorig:Spine/mixamorig:Spine1/mixamorig:Spine2/mixamorig:RightShoulder/mixamorig:RightArm/mixamorig:RightForeArm/mixamorig:RightHand/mixamorig:RightHandIndex1/mixamorig:RightHandIndex2/mixamorig:RightHandIndex3","Armature/mixamorig:Hips/mixamorig:Spine/mixamorig:Spine1/mixamorig:Spine2/mixamorig:RightShoulder/mixamorig:RightArm/mixamorig:RightForeArm/mixamorig:RightHand/mixamorig:RightHandIndex1/mixamorig:RightHandIndex2/mixamorig:RightHandIndex3/mixamorig:RightHandIndex4","Armature/mixamorig:Hips/mixamorig:Spine/mixamorig:Spine1/mixamorig:Spine2/mixamorig:RightShoulder/mixamorig:RightArm/mixamorig:RightForeArm/mixamorig:RightHand/mixamorig:RightHandIndex1/mixamorig:RightHandIndex2/mixamorig:RightHandIndex3/mixamorig:RightHandIndex4/mixamorig:RightHandIndex4_end","Armature/mixamorig:Hips/mixamorig:Spine/mixamorig:Spine1/mixamorig:Spine2/mixamorig:RightShoulder/mixamorig:RightArm/mixamorig:RightForeArm/mixamorig:RightHand/mixamorig:RightHandMiddle1","Armature/mixamorig:Hips/mixamorig:Spine/mixamorig:Spine1/mixamorig:Spine2/mixamorig:RightShoulder/mixamorig:RightArm/mixamorig:RightForeArm/mixamorig:RightHand/mixamorig:RightHandMiddle1/mixamorig:RightHandMiddle2","Armature/mixamorig:Hips/mixamorig:Spine/mixamorig:Spine1/mixamorig:Spine2/mixamorig:RightShoulder/mixamorig:RightArm/mixamorig:RightForeArm/mixamorig:RightHand/mixamorig:RightHandMiddle1/mixamorig:RightHandMiddle2/mixamorig:RightHandMiddle3","Armature/mixamorig:Hips/mixamorig:Spine/mixamorig:Spine1/mixamorig:Spine2/mixamorig:RightShoulder/mixamorig:RightArm/mixamorig:RightForeArm/mixamorig:RightHand/mixamorig:RightHandMiddle1/mixamorig:RightHandMiddle2/mixamorig:RightHandMiddle3/mixamorig:RightHandMiddle4","Armature/mixamorig:Hips/mixamorig:Spine/mixamorig:Spine1/mixamorig:Spine2/mixamorig:RightShoulder/mixamorig:RightArm/mixamorig:RightForeArm/mixamorig:RightHand/mixamorig:RightHandMiddle1/mixamorig:RightHandMiddle2/mixamorig:RightHandMiddle3/mixamorig:RightHandMiddle4/mixamorig:RightHandMiddle4_end","Armature/mixamorig:Hips/mixamorig:Spine/mixamorig:Spine1/mixamorig:Spine2/mixamorig:RightShoulder/mixamorig:RightArm/mixamorig:RightForeArm/mixamorig:RightHand/mixamorig:RightHandRing1","Armature/mixamorig:Hips/mixamorig:Spine/mixamorig:Spine1/mixamorig:Spine2/mixamorig:RightShoulder/mixamorig:RightArm/mixamorig:RightForeArm/mixamorig:RightHand/mixamorig:RightHandRing1/mixamorig:RightHandRing2","Armature/mixamorig:Hips/mixamorig:Spine/mixamorig:Spine1/mixamorig:Spine2/mixamorig:RightShoulder/mixamorig:RightArm/mixamorig:RightForeArm/mixamorig:RightHand/mixamorig:RightHandRing1/mixamorig:RightHandRing2/mixamorig:RightHandRing3","Armature/mixamorig:Hips/mixamorig:Spine/mixamorig:Spine1/mixamorig:Spine2/mixamorig:RightShoulder/mixamorig:RightArm/mixamorig:RightForeArm/mixamorig:RightHand/mixamorig:RightHandRing1/mixamorig:RightHandRing2/mixamorig:RightHandRing3/mixamorig:RightHandRing4","Armature/mixamorig:Hips/mixamorig:Spine/mixamorig:Spine1/mixamorig:Spine2/mixamorig:RightShoulder/mixamorig:RightArm/mixamorig:RightForeArm/mixamorig:RightHand/mixamorig:RightHandRing1/mixamorig:RightHandRing2/mixamorig:RightHandRing3/mixamorig:RightHandRing4/mixamorig:RightHandRing4_end","Armature/mixamorig:Hips/mixamorig:Spine/mixamorig:Spine1/mixamorig:Spine2/mixamorig:RightShoulder/mixamorig:RightArm/mixamorig:RightForeArm/mixamorig:RightHand/mixamorig:RightHandPinky1","Armature/mixamorig:Hips/mixamorig:Spine/mixamorig:Spine1/mixamorig:Spine2/mixamorig:RightShoulder/mixamorig:RightArm/mixamorig:RightForeArm/mixamorig:RightHand/mixamorig:RightHandPinky1/mixamorig:RightHandPinky2","Armature/mixamorig:Hips/mixamorig:Spine/mixamorig:Spine1/mixamorig:Spine2/mixamorig:RightShoulder/mixamorig:RightArm/mixamorig:RightForeArm/mixamorig:RightHand/mixamorig:RightHandPinky1/mixamorig:RightHandPinky2/mixamorig:RightHandPinky3","Armature/mixamorig:Hips/mixamorig:Spine/mixamorig:Spine1/mixamorig:Spine2/mixamorig:RightShoulder/mixamorig:RightArm/mixamorig:RightForeArm/mixamorig:RightHand/mixamorig:RightHandPinky1/mixamorig:RightHandPinky2/mixamorig:RightHandPinky3/mixamorig:RightHandPinky4","Armature/mixamorig:Hips/mixamorig:Spine/mixamorig:Spine1/mixamorig:Spine2/mixamorig:RightShoulder/mixamorig:RightArm/mixamorig:RightForeArm/mixamorig:RightHand/mixamorig:RightHandPinky1/mixamorig:RightHandPinky2/mixamorig:RightHandPinky3/mixamorig:RightHandPinky4/mixamorig:RightHandPinky4_end","Armature/mixamorig:Hips/mixamorig:LeftUpLeg","Armature/mixamorig:Hips/mixamorig:LeftUpLeg/mixamorig:LeftLeg","Armature/mixamorig:Hips/mixamorig:LeftUpLeg/mixamorig:LeftLeg/mixamorig:LeftFoot","Armature/mixamorig:Hips/mixamorig:LeftUpLeg/mixamorig:LeftLeg/mixamorig:LeftFoot/mixamorig:LeftToeBase","Armature/mixamorig:Hips/mixamorig:LeftUpLeg/mixamorig:LeftLeg/mixamorig:LeftFoot/mixamorig:LeftToeBase/mixamorig:LeftToe_End","Armature/mixamorig:Hips/mixamorig:LeftUpLeg/mixamorig:LeftLeg/mixamorig:LeftFoot/mixamorig:LeftToeBase/mixamorig:LeftToe_End/mixamorig:LeftToe_End_end","Armature/mixamorig:Hips/mixamorig:RightUpLeg","Armature/mixamorig:Hips/mixamorig:RightUpLeg/mixamorig:RightLeg","Armature/mixamorig:Hips/mixamorig:RightUpLeg/mixamorig:RightLeg/mixamorig:RightFoot","Armature/mixamorig:Hips/mixamorig:RightUpLeg/mixamorig:RightLeg/mixamorig:RightFoot/mixamorig:RightToeBase","Armature/mixamorig:Hips/mixamorig:RightUpLeg/mixamorig:RightLeg/mixamorig:RightFoot/mixamorig:RightToeBase/mixamorig:RightToe_End","Armature/mixamorig:Hips/mixamorig:RightUpLeg/mixamorig:RightLeg/mixamorig:RightFoot/mixamorig:RightToeBase/mixamorig:RightToe_End/mixamorig:RightToe_End_end"],[[[7,0.998437225818634,9.437884251894957e-9,0.05588311702013016,0,0.05588311702013016,-1.5358209282112512e-7,-0.998437225818634,0,-8.40489122744259e-10,1.0000001192092896,-1.538695357794495e-7,0,-8.477265822648405e-8,-0.011851131916046143,-0.0003251487505622208,1],[7,0.9984372854232788,0.0003024722682312131,0.055882297456264496,0,0.05588310956954956,-0.005404104944318533,-0.9984226226806641,0,-1.3535415011034502e-9,0.9999852776527405,-0.005412563215941191,0,-8.47698515826778e-8,-0.013091490603983402,-0.0002610007068142295,1],[7,0.9984372854232788,0.0003024700563400984,0.05588230863213539,0,0.055883120745420456,-0.005404092371463776,-0.9984226226806641,0,2.0282506230095976e-10,0.9999852776527405,-0.005412550177425146,0,-8.478463087158161e-8,-0.014536716043949127,-0.00026100085233338177,1],[7,0.9984372854232788,0.00030247209360823035,0.055882297456264496,0,0.05588310956954956,-0.005404043942689896,-0.9984226226806641,0,-4.584995050294083e-9,0.9999852776527405,-0.005412502214312553,0,-8.471418766475836e-8,-0.016188407316803932,-0.0002610015799291432,1],[7,0.998437225818634,9.890605667806085e-9,0.05588313937187195,0,0.05588313937187195,-1.4778757417843735e-7,-0.9984375238418579,0,-1.6163177463113243e-9,1.0000001192092896,-1.4810932214004424e-7,0,-8.47616732357892e-8,-0.018044890835881233,-0.0003586722887121141,1],[7,0.9984372854232788,9.431361469580679e-9,0.05588312819600105,0,0.055883124470710754,-1.6004103997602215e-7,-0.9984374046325684,0,-4.730298375221764e-10,1.0000001192092896,-1.6031799532356672e-7,0,-8.478482271812027e-8,-0.019275182858109474,-0.000342698855092749,1],[7,0.9984372854232788,9.5594305804525e-9,0.05588312819600105,0,0.055883124470710754,-1.615758549178281e-7,-0.9984374046325684,0,-5.151292170602062e-10,1.0000001192092896,-1.6185755669084756e-7,0,-8.478507140807778e-8,-0.03137264400720596,-0.00018563421326689422,1],[7,0.9984372854232788,9.526648803159787e-9,0.05588312819600105,0,0.055883124470710754,-1.6000227276435908e-7,-0.9984374046325684,0,-5.703341687812724e-10,1.0000001192092896,-1.602846140258407e-7,0,-8.477790203187396e-8,-0.043471112847328186,-0.00018563432968221605,1],[7,-0.02472839690744877,0.9565825462341309,-0.2904103696346283,0,0.9996793270111084,0.025243742391467094,-0.0019721852149814367,0,0.005444486625492573,-0.29036596417427063,-0.9569002389907837,0,0.00026031199377030134,0.004515187814831734,0.017268048599362373,1],[7,-0.09309592843055725,0.9951372742652893,-0.03216729685664177,0,0.9953121542930603,0.09386533498764038,0.023296551778912544,0,0.02620266005396843,-0.029847687110304832,-0.9992109537124634,0,0.00003884375109919347,-0.0015102794859558344,0.01747847907245159,1],[7,0.05105132609605789,0.9985669851303101,-0.01604582369327545,0,0.9984615445137024,-0.050684694200754166,0.022480912506580353,0,0.021635418757796288,-0.017168818041682243,-0.9996184706687927,0,-0.0006238029454834759,-0.004842145834118128,0.017402565106749535,1],[7,-0.059694960713386536,0.9943764805793762,0.0874713659286499,0,0.998215913772583,0.05956226587295532,0.004128433298319578,0,-0.0011047760490328074,0.08756174147129059,-0.9961586594581604,0,0.0006902684108354151,-0.009774623438715935,0.01647838018834591,1],[7,0.7689691185951233,0.6384233832359314,0.033190228044986725,0,0.6354245543479919,-0.7689915299415588,0.06991015374660492,0,0.07015527039766312,-0.032668858766555786,-0.9970011115074158,0,-0.007346644066274166,-0.005530273541808128,0.016956038773059845,1],[7,0.7689700722694397,0.6322753429412842,-0.09440610557794571,0,0.6354232430458069,-0.7397394180297852,0.22141054272651672,0,0.0701565071940422,-0.230245903134346,-0.9706003069877625,0,-0.007225586101412773,-0.002557160798460245,0.017820237204432487,1],[7,0.7689698934555054,0.6392094492912292,-0.009822613559663296,0,0.6354238390922546,-0.762549102306366,0.12147177755832672,0,0.07015567272901535,-0.09964964538812637,-0.9925464987754822,0,-0.007234640885144472,-0.005501811858266592,0.017243411391973495,1],[7,0.7689694762229919,0.6392098665237427,-0.009822784923017025,0,0.6354241371154785,-0.7625488638877869,0.12147154659032822,0,0.07015542685985565,-0.09964954107999802,-0.9925464987754822,0,-0.0073466491885483265,-0.00593443401157856,0.017243411391973495,1],[7,0.7689687609672546,0.6392107009887695,-0.009822296909987926,0,0.6354250311851501,-0.7625480890274048,0.12147195637226105,0,0.07015618681907654,-0.09964945912361145,-0.9925464391708374,0,-0.0073466552421450615,-0.006381326355040073,0.017243409529328346,1],[7,0.2203601747751236,0.9734861850738525,0.061365459114313126,0,0.9751380681991577,-0.22136899828910828,0.01007304061204195,0,0.02339037135243416,0.05762006342411041,-0.9980646967887878,0,-0.0018260841025039554,-0.010701182298362255,0.016775507479906082,1],[7,0.22035904228687286,0.9753955602645874,0.006678277160972357,0,0.9751383066177368,-0.2204546332359314,0.022470809519290924,0,0.023390188813209534,0.0015605968656018376,-0.9997250437736511,0,-0.0018267208943143487,-0.010316192172467709,0.01738136075437069,1],[7,0.22035951912403107,0.9441807270050049,-0.2448747307062149,0,0.975138247013092,-0.2072216272354126,0.07851430773735046,0,0.023388367146253586,-0.256087988615036,-0.9663705229759216,0,-0.0018270310247316957,-0.0060732560232281685,0.019608335569500923,1],[7,0.22035984694957733,0.9441813826560974,-0.24487273395061493,0,0.975138247013092,-0.20722156763076782,0.07851599901914597,0,0.023390434682369232,-0.2560863494873047,-0.9663711190223694,0,-0.0018260831711813807,-0.006450175773352385,0.019608328118920326,1],[7,0.22035996615886688,0.9441812634468079,-0.24487271904945374,0,0.9751381278038025,-0.20722170174121857,0.07851595431566238,0,0.023390356451272964,-0.2560863196849823,-0.9663709402084351,0,-0.0018260838696733117,-0.006827065721154213,0.019608328118920326,1],[7,0.003202880034223199,0.9973742961883545,0.07234622538089752,0,0.9999849796295166,-0.0035145815927535295,0.0041815778240561485,0,0.004424864426255226,0.0723317340016365,-0.9973709583282471,0,0.00021464235032908618,-0.011102111078798771,0.016659237444400787,1],[7,0.003202894004061818,0.9997977614402771,0.019843092188239098,0,0.9999849796295166,-0.003290038788691163,0.004360630642622709,0,0.0044250329956412315,0.01982881873846054,-0.9997937679290771,0,0.00021421484416350722,-0.01087467186152935,0.017254427075386047,1],[7,0.0032031256705522537,0.942948043346405,-0.33292409777641296,0,0.999984860420227,-0.001546851941384375,0.005239863879978657,0,0.004425934981554747,-0.33293578028678894,-0.9429392218589783,0,0.000213873281609267,-0.004707005340605974,0.020198719576001167,1],[7,0.0032028420828282833,0.9429477453231812,-0.33292484283447266,0,0.9999849796295166,-0.001546842628158629,0.005239030346274376,0,0.004425148479640484,-0.33293652534484863,-0.942939043045044,0,0.00021463811572175473,-0.0051274350844323635,0.02019871212542057,1],[7,0.003202843014150858,0.9429477453231812,-0.3329249322414398,0,0.9999849796295166,-0.0015468428609892726,0.005239030811935663,0,0.004425148945301771,-0.3329366445541382,-0.942939043045044,0,0.00021463813027366996,-0.005547883454710245,0.020198699086904526,1],[7,-0.0677129402756691,0.9976869225502014,-0.005930300801992416,0,0.9977031350135803,0.0677008330821991,-0.002217850647866726,0,-0.0018112347461283207,-0.006066856440156698,-0.9999799728393555,0,0.000545492279343307,-0.009838390164077282,0.0174922626465559,1],[7,-0.06771289557218552,0.9976508021354675,-0.010367531329393387,0,0.9977031350135803,0.06769025325775146,-0.002519099274650216,0,-0.0018114004051312804,-0.010514290072023869,-0.9999431371688843,0,0.000545260903891176,-0.010315747000277042,0.017538316547870636,1],[7,-0.06771300733089447,0.9916784167289734,-0.10949132591485977,0,0.9977030754089355,0.06710460036993027,-0.009236186742782593,0,-0.0018119554733857512,-0.10986524075269699,-0.9939450025558472,0,0.0005451692850328982,-0.00905930157750845,0.018530679866671562,1],[7,-0.06771282851696014,0.9916787147521973,-0.10949068516492844,0,0.9977031350135803,0.06710447371006012,-0.00923547986894846,0,-0.0018113137921318412,-0.10986451804637909,-0.9939450621604919,0,0.0005454928032122552,-0.009429074823856354,0.018530670553445816,1],[7,-0.06771280616521835,0.9916787147521973,-0.10949072241783142,0,0.9977031350135803,0.06710445880889893,-0.009235480800271034,0,-0.0018113143742084503,-0.10986456274986267,-0.9939450621604919,0,0.0005454927450045943,-0.009798835031688213,0.018530672416090965,1],[7,-0.17627078294754028,0.9839187264442444,0.028843028470873833,0,0.9842755198478699,0.1765226572751999,-0.0064108422957360744,0,-0.011399195529520512,0.027259446680545807,-0.9995632767677307,0,0.0013459769543260336,-0.010210191830992699,0.017134184017777443,1],[7,-0.17627154290676117,0.9843310117721558,-0.0045419312082231045,0,0.9842754602432251,0.17620444297790527,-0.012393863871693611,0,-0.011399353854358196,-0.006655197124928236,-0.9999131560325623,0,0.0013458931352943182,-0.010185104794800282,0.017489664256572723,1],[7,-0.1762712448835373,0.983920156955719,-0.028803382068872452,0,0.9842756390571594,0.17584508657455444,-0.016732940450310707,0,-0.011398942209780216,-0.03129999712109566,-0.9994452595710754,0,0.0013458336470648646,-0.010227462276816368,0.017747150734066963,1],[7,-0.1762707680463791,0.983920156955719,-0.028803329914808273,0,0.9842756390571594,0.17584459483623505,-0.01673317141830921,0,-0.011399194598197937,-0.031299982219934464,-0.9994452595710754,0,0.0013459771871566772,-0.010533529333770275,0.01774715445935726,1],[7,-0.1762707531452179,0.9839202165603638,-0.02880331128835678,0,0.9842756390571594,0.17584463953971863,-0.01673317328095436,0,-0.011399196460843086,-0.03129996731877327,-0.9994450807571411,0,0.0013459769543260336,-0.010839596390724182,0.017747150734066963,1],[7,0.09901361912488937,-0.952404797077179,0.28830820322036743,0,-0.9950712323188782,-0.09317804127931595,0.03393030911684036,0,-0.005451394710689783,-0.29024675488471985,-0.9569362998008728,0,-0.00026004869141615927,0.004508771933615208,0.017269905656576157,1],[7,0.010903059504926205,-0.9995050430297852,0.029499739408493042,0,-0.9994235634803772,-0.009944085031747818,0.03246157988905907,0,-0.032152168452739716,-0.029836662113666534,-0.9990376234054565,0,0.000024596716684754938,-0.0015052142553031445,0.017479538917541504,1],[7,0.16706442832946777,-0.9858677983283997,0.01239804644137621,0,-0.9855737686157227,-0.16664263606071472,0.02957489714026451,0,-0.027090899646282196,-0.017160100862383842,-0.9994857311248779,0,0.0007434159051626921,-0.0048409197479486465,0.0173981711268425,1],[7,0.03953014314174652,-0.9953473806381226,-0.08786986023187637,0,-0.9992080926895142,-0.03897550702095032,-0.008019393309950829,0,0.004557308275252581,0.08811725676059723,-0.9960998892784119,0,-0.0008702180930413306,-0.009774086996912956,0.016470741480588913,1],[7,0.8390275239944458,-0.5430761575698853,-0.0331762470304966,0,-0.5396098494529724,-0.8383802771568298,0.07706708461046219,0,-0.06966762989759445,-0.046759191900491714,-0.9964735507965088,0,0.00737839424982667,-0.005239756777882576,0.017023412510752678,1],[7,0.8390264511108398,-0.54061359167099,0.061409853398799896,0,-0.5396115779876709,-0.8123509883880615,0.22114409506320953,0,-0.06966716051101685,-0.21868325769901276,-0.9733055830001831,0,0.007265742402523756,-0.0027085510082542896,0.017761211842298508,1],[7,0.8390268087387085,-0.5302828550338745,0.12179397791624069,0,-0.5396113991737366,-0.7823426723480225,0.3110613524913788,0,-0.06966588646173477,-0.32671016454696655,-0.9425533413887024,0,0.007273135241121054,-0.0012987874215468764,0.01802145689725876,1],[7,0.8390275835990906,-0.5302819609642029,0.12179262191057205,0,-0.539609968662262,-0.7823431491851807,0.31106239557266235,0,-0.06966716051101685,-0.32671040296554565,-0.9425532221794128,0,0.007378387730568647,-0.001779708662070334,0.018021443858742714,1],[7,0.8390275239944458,-0.5302819609642029,0.12179240584373474,0,-0.5396099090576172,-0.7823431491851807,0.31106245517730713,0,-0.06966736912727356,-0.3267103433609009,-0.9425532221794128,0,0.0073783923871815205,-0.002272016368806362,0.018021441996097565,1],[7,0.35862693190574646,-0.9301196932792664,-0.07914669066667557,0,-0.9331692457199097,-0.35940712690353394,-0.004649249836802483,0,-0.02412152662873268,0.07552460581064224,-0.9968522191047668,0,0.0021650411654263735,-0.010932895354926586,0.016565456986427307,1],[7,0.35862651467323303,-0.9334799647331238,0.001452594413422048,0,-0.9331693649291992,-0.35846608877182007,0.026398343965411186,0,-0.02412162348628044,-0.010822664014995098,-0.9996503591537476,0,0.0021659154444932938,-0.010073400102555752,0.017500512301921844,1],[7,0.35862675309181213,-0.9290958046913147,0.0903729647397995,0,-0.9331692457199097,-0.3543212115764618,0.060427870601415634,0,-0.02412223070859909,-0.10600432753562927,-0.9940728545188904,0,0.0021657426841557026,-0.0089247552677989,0.018434559926390648,1],[7,0.35862651467323303,-0.9290960431098938,0.0903739333152771,0,-0.933169424533844,-0.3543209433555603,0.060427226126194,0,-0.024121323600411415,-0.1060049906373024,-0.9940728545188904,0,0.00216503394767642,-0.009330564178526402,0.018434569239616394,1],[7,0.3586265444755554,-0.9290960431098938,0.0903739333152771,0,-0.9331693053245544,-0.3543209433555603,0.0604272298514843,0,-0.024121325463056564,-0.106004998087883,-0.9940729737281799,0,0.0021650337148457766,-0.009736386127769947,0.018434569239616394,1],[7,0.1409774273633957,-0.9893866181373596,-0.03520403802394867,0,-0.9900026917457581,-0.14104722440242767,-0.0005061790579929948,0,-0.004464625846594572,0.03492346033453941,-0.9993798732757568,0,0.000049741815018933266,-0.010457038879394531,0.01708958111703396,1],[7,0.14097721874713898,-0.9896255135536194,-0.027692051604390144,0,-0.9900026321411133,-0.14104676246643066,0.0005644602933898568,0,-0.004464477300643921,0.027335627004504204,-0.999616265296936,0,0.000050028647819999605,-0.0110012823715806,0.017173590138554573,1],[7,0.14097730815410614,-0.9845461249351501,0.10389497131109238,0,-0.9900026321411133,-0.13972418010234833,0.01927923411130905,0,-0.004464654717594385,-0.10557425022125244,-0.9944012761116028,0,0.00005031957334722392,-0.009236197918653488,0.018563631922006607,1],[7,0.1409776508808136,-0.9845460653305054,0.10389526933431625,0,-0.9900026321411133,-0.13972453773021698,0.019279183819890022,0,-0.004464525729417801,-0.10557454079389572,-0.994401216506958,0,0.00004974338662577793,-0.009691836312413216,0.018563631922006607,1],[7,0.1409776359796524,-0.9845461249351501,0.10389523953199387,0,-0.9900026321411133,-0.13972456753253937,0.019279176369309425,0,-0.00446452246978879,-0.10557452589273453,-0.9944012761116028,0,0.000049743128329282627,-0.01014748029410839,0.018563630059361458,1],[7,0.09093162417411804,-0.995209276676178,-0.0359097421169281,0,-0.9958570003509521,-0.09087260067462921,-0.0032758081797510386,0,-0.0000030965995847509475,0.03605884686112404,-0.9993495941162109,0,-0.000026902538593276404,-0.01056892890483141,0.01704336516559124,1],[7,0.09093157947063446,-0.9958568811416626,-0.00010650473996065557,0,-0.9958570599555969,-0.09093157202005386,-0.000006848371867818059,0,-0.000002864645693989587,0.00010668621689546853,-1,0,-0.000025467401428613812,-0.010509523563086987,0.017432479187846184,1],[7,0.09093141555786133,-0.9530864357948303,0.28871679306030273,0,-0.9958570599555969,-0.08702554553747177,0.026364348828792572,0,-0.000001765855131452554,-0.28991803526878357,-0.9570513963699341,0,-0.00002493566535122227,-0.005530199967324734,0.01989126205444336,1],[7,0.09093146026134491,-0.9530869126319885,0.28871574997901917,0,-0.9958570599555969,-0.08702527731657028,0.026365337893366814,0,-0.000002889847792175715,-0.28991708159446716,-0.9570518732070923,0,-0.00002690821020223666,-0.00587382260710001,0.01989125832915306,1],[7,0.09093143790960312,-0.9530869126319885,0.288715660572052,0,-0.9958570599555969,-0.08702526241540909,0.026365332305431366,0,-0.0000028958879738638643,-0.2899170219898224,-0.9570518136024475,0,-0.000026908362997346558,-0.006217432674020529,0.019891254603862762,1],[7,-0.09588129073381424,-0.9945815205574036,-0.04018228128552437,0,-0.9952565431594849,0.09645798057317734,-0.012663924135267735,0,0.01647120714187622,0.038777437061071396,-0.9991121888160706,0,-0.0017555694794282317,-0.010368525050580502,0.017001966014504433,1],[7,-0.09588108211755753,-0.9952505230903625,0.016825810074806213,0,-0.9952564835548401,0.0955745205283165,-0.01816572993993759,0,0.01647133380174637,-0.01848774217069149,-0.9996933937072754,0,-0.0017554934602230787,-0.009935797192156315,0.0175996832549572,1],[7,-0.09588134288787842,-0.9932098388671875,-0.06588425487279892,0,-0.9952564835548401,0.0967533066868782,-0.010166587308049202,0,0.016472075134515762,0.06459694355726242,-0.9977754950523376,0,-0.0017555563244968653,-0.011827151291072369,0.016675079241394997,1],[7,-0.09588146209716797,-0.9932097792625427,-0.06588529050350189,0,-0.9952564835548401,0.09675335139036179,-0.010165397077798843,0,0.01647099480032921,0.06459807604551315,-0.9977754950523376,0,-0.0017555677331984043,-0.012148103676736355,0.0166750717908144,1],[7,-0.09588146954774857,-0.9932098388671875,-0.06588533520698547,0,-0.9952563643455505,0.09675336629152298,-0.010165397077798843,0,0.016471000388264656,0.06459812819957733,-0.9977754950523376,0,-0.0017555677331984043,-0.012469036504626274,0.0166750717908144,1],[7,-0.9969573616981506,0.05429805815219879,0.05588321015238762,0,-0.05573606863617897,0.004219157621264458,-0.998436450958252,0,-0.05444880947470665,-0.9985160231590271,-0.0011799626518040895,0,0.0019585704430937767,0.011070522479712963,-0.00027408439200371504,1],[7,-0.9984347224235535,-0.0009138832101598382,0.05587875843048096,0,-0.05588478222489357,0.009460712783038616,-0.9983924031257629,0,0.00038376011070795357,-0.9999549984931946,-0.00949699617922306,0,0.001519008306786418,0.008060196414589882,-0.0002070561604341492,1],[7,-0.9976024031639099,0.055045854300260544,0.04188648238778114,0,-0.06916960328817368,-0.7961423397064209,-0.6011428833007812,0,0.0002571782097220421,-0.6026003360748291,0.7980430722236633,0,0.0015161180635914207,0.0032395559828728437,-0.004758048336952925,1],[7,-0.996324896812439,0.0825648158788681,0.02269679680466652,0,-0.08343543112277985,-0.9956876635551453,-0.04055274650454521,0,0.019250640645623207,-0.042297519743442535,0.9989199042320251,0,0.0014025020645931363,-0.0023561904672533274,-0.004197515081614256,1],[7,-0.9963252544403076,0.08256463706493378,0.02267676219344139,0,-0.08343442529439926,-0.9956876039505005,-0.040552664548158646,0,0.019230708479881287,-0.042295753955841064,0.9989200830459595,0,0.0014025864657014608,-0.003349988954141736,-0.004197480622678995,1],[7,-0.9963251352310181,0.08256491273641586,0.022679567337036133,0,-0.08343479782342911,-0.9956876635551453,-0.04055270552635193,0,0.01923348754644394,-0.042296044528484344,0.9989200234413147,0,0.001402574242092669,-0.004343781154602766,-0.004197486210614443,1],[7,-0.9969313740730286,-0.05477658659219742,0.055880770087242126,0,-0.05620255321264267,0.004352748394012451,-0.9984098672866821,0,0.05444611981511116,-0.9984890818595886,-0.007417991291731596,0,-0.0019584784749895334,0.011072209104895592,-0.00022943025396671146,1],[7,-0.9984350204467773,-0.0003960008907597512,0.05587971583008766,0,-0.05587967857718468,0.013938436284661293,-0.9983400702476501,0,-0.00038353150011971593,-0.9999028444290161,-0.0139387845993042,0,-0.0015188410179689527,0.00806110817939043,-0.00017686585488263518,1],[7,-0.9990723133087158,0.0347965732216835,0.025272808969020844,0,-0.04300542175769806,-0.8055598139762878,-0.590951681137085,0,-0.00020433498139027506,-0.59149169921875,0.8063110113143921,0,-0.0015164315700531006,0.00317756668664515,-0.004799260757863522,1],[7,-0.9993915557861328,0.02912815846502781,-0.019068008288741112,0,-0.028291672468185425,-0.9986846446990967,-0.042755793780088425,0,-0.02028828114271164,-0.04219040274620056,0.9989034533500671,0,-0.001396470470353961,-0.0024171776603907347,-0.004201244097203016,1],[7,-0.9993919134140015,0.02912803553044796,-0.01904451474547386,0,-0.028292525559663773,-0.9986844658851624,-0.04275665432214737,0,-0.020264839753508568,-0.04219193384051323,0.9989039897918701,0,-0.0013965691905468702,-0.0034133868757635355,-0.004201216157525778,1],[7,-0.999392032623291,0.029127588495612144,-0.019036758691072464,0,-0.02829241193830967,-0.9986847639083862,-0.04275612533092499,0,-0.02025705948472023,-0.04219163954257965,0.9989039897918701,0,-0.0013966005062684417,-0.004409604240208864,-0.004201204050332308,1]],8,8,8,8,8,8,8,8,8,8,8,8,8,8,8,8,8,8,8,8,8,8,8,8,8,8,8,8,8,8,8,8,8,8,8,8,8,8,8,8,8,8,8,8,8,8,8,8,8,8,8,8,8,8,8,8,8,8,8,8,8,8,8,8,8,8,8,8,8,8,8,8,8,8,8,8,8,8]]],0,0,[],[],[]]
